F = 1000;
Fs = 8000;

ph = [0, pi/2, pi];

t = 1:1000;
